0	0	0
-0,17284061785812754	-0,007411617298878409	0,9094987734304377
-0,4299222548688216	-1,7194282984833513	-1,6486364835575251
0,06289598159778659	1,7500536056585059	1,6858003708965563
-0,10854161150628557	0,2868037230812319	0,3558616278118686
0,7631417006077802	-0,7215597423884866	1,4133208792370302
-1,21324129499669	0,8156603944979421	0,6745327071629645
-0,6620630506889205	0,47843649601329713	0,3240669750988495
-1,4427663260473076	-2,7763406652036022	2,2351673534561427
-0,9155204103393713	-0,7054160266036277	-0,6904764420050171
-1,2064815437315455	-2,142908694733719	1,6084688521264545
0,23763797153275756	1,168315104237445	1,2309396483449442
-0,30460376379427134	0,36678724157841835	-1,046571668282299
0,5658541784478003	1,5267564720126674	1,3812370087596757
0,05420098095389655	0,5278329378159521	0,15472642359365263
-0,7695283811360634	-0,9196976069911772	-0,21831845387655455
0,06462549125431997	1,6851140586623021	1,6209134204302404
0,8849245221768655	-0,6286741040052665	1,0113229864526587
0,08173318630360124	-0,18575047847797577	0,8723337674346169
-0,391963237711513	0,46510034790108257	-1,1646624020706937
-0,8585778415704768	0,5895832817683635	-0,8285944062146426
-0,7507446265609762	0,9524547612191488	-1,725078493629621
0,5841906004559329	-0,344298692972458	1,1068132757187739
0,08751370614865794	-0,6104815143087725	-0,5002533365117424
0,543340918043926	0,5637459385979037	-0,15102909297956768
0,3866898904278371	-0,28335949299049723	-0,789424384350567
-1,361836054496076	2,2172427935188295	-2,868013559928306
0,42160637293430014	-0,7166038790527944	-0,09379676420207185
-0,9346125148406776	-0,4651245650219965	0,13778626353197135
1,298159009585283	2,6025957789460135	-1,977415044544536
-0,660984465653195	-0,733079995195104	0,19919234565013086
0,715732405436658	0,5478338261859117	0,41046521294511124
0,6158398063659963	-0,7944298100396758	-0,7356129804236807
0,7380080787207064	-0,10573650136949057	-0,10076576797595534
0,902550412105533	-0,9225136202870299	1,4375072215404674
-1,2171217433595596	0,7387930400218119	0,8342041242671854
-0,4714387292769161	0,39054147363618164	-0,12352473241614155
-1,20156269261203	-1,5849999235503027	1,3019224612971476
0,759428673774058	0,46705747742893594	-0,5362922632890978
-0,7990299836468523	0,7141580383415078	0,4623422106163233
0,5457282987675618	0,8501939556139994	0,2117514003132125
-0,8699580831714726	0,29541206469411996	-0,43837519370453126
1,158163407804302	-1,4929978828306498	2,017237417076447
0,34227368656455176	0,005020430136788579	0,7394146971546927
0,2653974634454926	-0,6227947813229048	-0,45493972690208423
-0,7881864388276735	-0,9485195963640449	-0,4269248020653914
1,0060456007301142	-0,6679986746134814	-0,7472317083803937
-0,4017721203177972	0,4642343164731209	-1,1108817647693165
0,3831462165075325	-0,42153390513559397	0,3169154220032731
-0,16200115966228787	-0,6673644146065325	0,3169191692200027
1,0478426164395496	0,6879072835346193	-0,7852024195969604
-1,0480755837290916	-0,7569441214628397	0,7270084864458063
-0,8052392006662197	0,2760826187863962	0,93396386959698
-0,02515644799548988	-0,8193706022042567	-0,03807426401949041
0,7659927159610004	-0,37779383248637904	0,731928377656442
0,7552943230710258	-0,3559962438930538	-0,9379286593288977
-0,730831154076525	0,3349321144331	0,9089348059126927
0,0499942419081661	0,11274508412897107	-0,36949532907951255
-0,881612366727468	0,13251868058928618	-0,4325545739946319
0,928677167812235	0,26364468869779734	-0,5738172764805103
-0,4461163059772667	0,5839607365092149	-0,07057252430042424
-0,813128286669065	-1,8364079522327683	1,050549852520392
-0,9632318611715741	1,0370620030858269	-1,4382081898098853
-1,3894870685361917	2,156379041544073	-2,697433972843932
0,2654353220500927	-0,1651086577356937	0,8166613391610507
0,3604100052382771	-0,8307055466940794	0,16534475521755324
-0,9405367912230888	-0,8690673923149486	-0,8174299867267302
0,2082610203791904	-0,07541342920806605	0,5380532442637616
-0,06676638533497566	-0,7519629415923137	0,04196305070721616
1,4221855450463061	-0,8571598593586757	-0,9784017604023783
0,8821135945815972	-0,6084656523509585	-0,33516989983734724
0,22920393308414172	0,668932431199191	-0,08086219259015337
-0,8048892697944189	0,9859516516022904	0,3626648923053497
0,4611268454010436	-0,18912054706805384	0,31750625360778023
0,781445902049572	1,0795229278391085	1,251446420508051
-0,5665561345952629	-0,4047848079102455	-0,36271422526451175
0,9841348100316956	0,35332069696812457	0,10380131287627496
0,26735916346673333	-0,49651836910644587	-0,29963678077116834
-0,4482635672629138	-0,2993913177810265	0,36769626201008154
-0,037688275751506975	0,19707534023835357	0,5974100018237173
1,1609092638418106	-1,268478494572394	1,5587218194965773
-0,9890428000690955	-1,1932117688450377	0,6585384804955046
0,09752146997836583	-0,24212871308371126	0,8893176610926039
0,31421860153012166	-0,006951288305074298	0,7551903056721889
0,5345950506387358	0,3340216021021803	0,5619363828585558
-1,103356669839983	-1,1024129433008376	0,9684802618403097
-0,7014955965473161	-0,8901171579734244	0,4621215544638399
0,5108878017605558	-0,7695869039900489	0,8199915477795359
0,17660621865520146	0,04079893301400698	-0,8368916099359217
-0,43556426777766805	-1,1328475974961891	0,4496459245722246
-0,4335284887843899	0,2280693498191468	0,747979234324915
-0,3438727831948101	-1,37778080611353	-1,597801208084223
0,7265440151166866	1,2636577653944847	0,874087736941801
0,12761568143138988	-0,7468324886712756	-0,1290550104009967
0,49960342459744395	-0,3272695085460273	-0,6113789791036208
-0,2406652511036427	-1,0519892653093337	-0,7022627378964929
-0,228426938735716	-0,06206371525027329	0,21901024154031043
-0,2050200337000161	-0,32203178179959185	0,32333409426579396
0,13676325744154566	0,09825394508298867	0,410844639957034
-0,5994152996388833	-0,1407329542803852	0,44996294953377985
0,9156447197953376	0,9300888848504959	-0,24128636486738353
-0,860622815581605	-1,0693906725604763	-1,0674155473816223
-0,9968877178519415	-0,8532777854021127	0,5603213038382274
-0,3743524413412568	-0,45741392257058705	-0,7806361147078363
-0,5747515077360397	0,4623015848471494	-0,8444868779758496
1,3816207464154378	2,587624666869635	-2,0594816006115297
0,5728890264320435	1,1651883421661324	1,4353166127942014
0,24865657994177215	1,7851814969981947	1,7996746522213214
0,37800016221395627	0,07164030249617932	-0,7569553311251661
0,813718498264164	-0,36459153330839794	0,7668025370927435
-0,23011487888761376	0,1443445502646569	0,7295222163457592
0,9019525897028869	0,42020514183443447	0,3552111325673937
1,2080501977189524	-1,3533837389411607	1,6227270699740737
0,17547687323018452	-1,0244671372931309	-1,239505895932347
-0,5400299921489016	-0,8337832498422815	0,6229138372816756
0,08387002361220249	-1,0207945581389257	-0,7180991902811316
0,33012025756507646	1,284404608965733	1,142011450123005
-0,00886853602386938	-2,202353414695906	-2,2228980896562613
-0,24331956854267003	0,6216266506114637	0,7146067882804678
1,2391494681825748	1,3678526502076205	-1,2422059899807656
-0,5812081264588801	0,2565281247579488	-0,34240103057014604
-0,6122646689975721	0,12323944672886342	-0,5006247054115986
-0,8800003810987334	0,781727593666106	0,4491515285664426
0,04164961175050274	-0,015865734042290903	-0,5512620896994249
-0,13988193759908976	-0,29448666086398423	-0,27342191569415025
-0,7978961773170193	0,6481349939019116	0,6754378465878684
-0,19822954036547807	-0,757950884233841	0,3851387164085888
0,9678499618877224	-0,393835125688704	0,14690738636436798
0,7937528352840175	-0,3630496388762655	0,6999793782870581
0,491048037440203	0,49449218519423827	0,19575170302838188
-0,9651504863604697	-0,5825052941083425	0,6279240872913733
-0,03878796607248269	0,04682445445118708	-0,8935190479610722
-0,2483366944317994	0,5676881095380341	0,3624309695366704
-0,15852374472343023	-0,17779583397343587	0,7298272049251615
1,1844094040495374	-1,7231013264231378	2,3369742101268947
0,6843004655108366	0,6821665979534179	0,0413356068124816
0,2667658101164639	1,791044167836754	1,738527784230054
0,6254918866990515	1,2184643551816177	-0,7601633766517704
-0,8812641672859768	-0,8143826919810102	-0,7914404543336282
-0,17084448946607914	-0,5378933540810794	0,2596868095987604
-0,5956112913006969	0,13956430711282822	0,5887100917095432
0,864374200892929	-0,609310727195914	-0,8534193927028001
-0,5423728405146115	-1,5832039296085	-1,506345852176063
-1,0559688838416403	0,6871038036496258	0,6393867952682962
-1,0108033543726884	0,8543727680700328	-0,228411005137941
-0,14768433552827692	-0,059490018755181465	1,073805087787044
0,29658539777007314	1,8723327653266415	1,8690556799962144
-0,635601051838596	-0,4482853019760615	0,8176282791251078
-0,19459623791901973	0,9524682588944983	-0,11685884684594201
1,0364341626699678	0,6502211739547203	0,5221436429997277
-0,4026927967561546	-0,5611604757325311	0,22436834753618495
0,35719175449951845	-0,516968817547364	1,3498051572324514
-0,8928073569770967	-2,149592606958752	1,31464700468259
-0,1663268079036827	-1,0035430951265354	-1,2450989999748312
-1,0537910952728735	0,5453457264758171	0,9719802738700593
-0,07867800109061146	1,1164317193375481	0,600890624035032
-0,9226852079071587	-0,8739127537717937	-0,9953517362974927
0,49628946497934995	-0,24113403608706344	-0,9136850333748417
-0,9690047045808742	0,5259153960307853	-0,19778925115918752
0,3664148682446591	0,10948285330971502	0,46980353908205436
-0,4694493503754535	0,07164204231639595	-0,7994390111381524
0,9282272303475602	0,1497918835182217	-0,38503217175807763
0,02961423978171663	1,1599890441534488	-0,22231271954811543
-0,7108110180019024	0,729582683645574	0,3935158694208124
-0,3985544469458509	0,021966799903951142	1,0091544481165218
-0,36616702996426825	2,617652338880333	2,6267893971996115
0,973134716833559	-0,8309040721789702	0,6802074864197448
0,8997718120162654	1,1202267228785188	0,9265878774877014
-0,3312296509670574	-1,2542323619572349	0,4423211712719112
-0,7368425761009525	-1,1862242991764838	-1,273253770660929
0,4173626882056073	1,7158044947438167	1,7816642215208427
-0,49394513835360976	-1,556446583762003	-1,4840656127141183
0,40823411980909863	0,3151584230939726	-0,3812394201138001
0,03442073493467713	0,5011058634915541	-0,037052229410548886
-1,2833606748787003	-2,0510301363549712	1,6415455042684126
0,8230461678695625	0,40959344065845876	-0,7596144002468318
0,02184556430343304	0,5155138029447736	0,8567889977101885
0,3083943754998613	-2,571564841612253	-2,5366664842697655
-0,635931075898382	0,11616471133154606	0,1496176847130252
-0,7580939807734042	0,17570818874969288	-0,36084899183522456
-0,059187340119886335	2,230597830226774	2,2488888347977656
0,795855309376922	-0,11114062136934806	0,6503487955429408
-0,9713687172787245	-0,8039206362019019	-0,5381650731280301
-1,3257483374881156	0,8080065981436484	0,9189006637741901
0,18466277915836235	0,05147500261967689	-1,0054465458766113
0,44370485711915203	-0,6131403238574178	-0,26666447649476044
-0,5528549805936158	-0,8650906375608226	0,19577774174748175
-0,1550268056933552	2,37753456196531	2,2924241510890995
0,9283875980923657	-0,4477441003897932	-0,688798454234042
0,19462335042387677	-1,1729938747854227	0,09043601482985095
0,9809649509898236	-0,6215042486359028	-0,6015379215793007
-0,9588047077823044	0,22074503692638522	0,14527274931955267
-0,7691843432489262	0,6010566130752851	0,3753072467744826
1,3836076213115547	2,5158963450638208	-2,020331026599432
-0,20364025543193592	-1,5272523871450465	-1,572020586080757
-0,40407659412838864	0,3357072216795417	-1,0674133067755571
1,7115941230339973	-1,0167747885759715	-1,1440887385255716
-0,6822737807043197	-0,2947272243250107	-0,542123644311427
-0,16643645040219895	-0,15153344733479968	-0,7361316578333638
-0,348104926578239	0,3808342094697314	0,4449360908511492
-0,5841701013511705	-0,3905097730629581	0,7117741206713758
-0,025899500688180893	-0,2915662367161224	0,4261800852327888
0,5237630709096593	0,6743527382550945	-0,6404679333779593
-0,13324441605882165	-1,3410856577349641	-1,0355964712498786
0,011738326415047197	0,5905985542469164	0,3113515258932762
-0,5532024549469282	-1,0562361105390703	-0,9172919156743847
0,9111994322234517	-0,2561443441861023	-0,5498258317548632
-0,08635658011472153	1,3809021053381727	1,3831065654456178
-0,738985543573604	0,1977858021872195	-0,7148120635252916
-0,4416925538432109	0,43361964015484966	0,09126679172216437
-0,42819576608986015	-0,60307561821827	-0,5736969859042766
-0,04131994006858339	0,275598466485005	-0,5342914906084342
-0,5147714135010399	0,5401527892554419	-0,8401145688850731
-0,834400086544742	0,6330085718633316	-0,8742404756148009
0,8886142075510517	1,712798082212802	-1,0859170534070928
-0,8102081122344121	0,5272066362169687	0,17722540433249817
-0,17203276625625363	0,8481549123772242	-0,1172708389181529
0,5840642088555082	-0,38440766289746536	-0,2111459880478577
1,0806889851820836	-1,057055720328796	-0,43243298325226054
0,9025173888901925	0,2189123705654066	0,5456141385446105
0,9101423719818545	-0,8750256000447917	-0,5811958894376902
-0,9008690868265464	-0,8100554665959347	-0,19505928099841666
-0,2933691128338962	1,1023277701417182	-0,3630331623682992
-0,866661818963234	0,9875358037211566	0,28122633221359006
-0,8220023742566648	0,41480382090387125	-0,5437913203615687
-0,09067952055375209	-0,010356827410023743	-0,1943750190764912
0,980777468318812	0,09713875093884673	0,1415085126883091
-0,922257424920164	1,212692762619699	-1,7958403966744712
0,45706926998380254	-0,5262545477667558	1,0223512040622087
-0,823828401704841	0,3666416720521094	0,09340497431931194
-1,002896711356892	0,40702547907184516	-0,7673415001781002
0,9946601250387168	-0,9380129345110587	1,454296871426385
-0,03292149827673384	0,5307132629763992	0,26358915268442085
-0,8587056339588464	0,08349841748632844	-0,730505525111166
0,8492607889531826	-0,02827224367147084	-0,7173974093138213
0,41111501104103143	-0,16743122017440468	-0,7464709231711032
0,7266161606105693	-0,10764863678137054	0,642540065359854
0,40028624586205913	0,013475919820731305	0,5261868393458891
-0,6930132735386848	0,8582204044669618	-1,5194187731742645
0,2226974798374714	0,5586480662362237	0,9026482490454686
-0,9148156552751749	0,2641717847468529	1,063786702163197
0,8637145959022903	-0,7102307081621834	-0,3776395385027394
-0,7026717874054708	0,07281989593029946	-0,22243563024777832
-0,08403415171723642	2,2805605653794863	2,3520860327568753
0,8502622320241484	0,0882923887586381	0,39482897816774964
0,11998000673655054	0,032755656832180485	-0,6189576050577165
-0,9031767272781684	-1,5769932570861638	1,0515184133905158
-0,3349198297942342	0,4024578911824724	0,09486246078605166
-0,09917220216532933	0,6524452917693613	0,020887349574652117
0,2871491731905154	-0,7141920959523836	0,6710343270014189
-1,1040331862604398	0,741961106442399	0,6411432945417218
0	0	0	0	0	0	0	0	0	0	0	0	0	0	0	0	0	0	0	0	0	0	0	0	0	0	0	0	0	0	0	0	0	0	0	0	0	0	0	0	0	0	0	0	0	0	0	0	0	0	0	0	0	0	0	0	0	0	0	0	0	0	0	0	0	0	0	0	0	0	0	0	0	0	0	0	0	0	0	0	0	0	0	0	0	0	0	0	0	0	0	0	0	0	0	0	0	0	0	0	0	0	0	0	0	0	0	0	0	0	0	0	0	0	0	0	0	0	0	0	0	0	0	0	0	0	0	0	0	0	0	0	0	0	0	0	0	0	0	0	0	0	0	0	0	0	0	0	0	0	0	0	0	0	0	0	0	0	0	0	0	0	0	0	0	0	0	0	0	0	0	0	0	0	0	0	0	0	0	0	0	0	0	0	0	0	0	0	0	0	0	0	0	0	0	0	0	0	0	0	0	0	0	0	0	0	0	0	0	0	0	0	0	0	0	0	0	0	0	0	0	0	0	0	0	0	0	0	0	0	0	0	0	0	0	0	0	0	0	0	0	0	0	0	0	0	0	0	0	0	0
-0,8038169061437702	-1,1483285904921576	-1,674681588891745	1,4991758212260364	-0,7821830201502787	-1,1325206719227106	-1,1996561411839617	0,4429661680724556	2,896659446679466	-0,8271801464834299	2,0727057447594057	0,7007173706955409	0,8399629639543239	1,2619936316666018	-0,776619406188563	0,08940472758064923	1,3279794582522695	-1,2998239350244507	-1,127814656999142	0,9183190900000506	1,0387004476071073	1,4944931911187107	-0,5037044630138552	0,19471312668290808	-0,8869891644078769	0,9716777656442219	3,0285603144956803	-0,2058379704673869	-0,4332518767247382	-2,5629314219730923	0,26338496260003535	0,30784487103162717	0,003883505915204297	0,5662499905170324	-1,0539143302523633	-1,433636260904153	-0,39848932160077133	1,2846204771370509	0,06157746766889879	-1,220039128430469	0,28524823958857687	0,7871812092731182	-2,0267251380347315	-0,8771427814258594	0,4287894505260531	-0,4547783520382419	1,2283157007695684	0,4572717640808707	-0,5532990318171829	0,14509184254798566	-0,7520451676288376	0,872786837307268	-1,0409233795738961	0,4277372313971318	-0,6289950410893982	1,264816690296027	-1,0809078166467039	-0,5410193388704942	0,7885085238955857	-0,12323369806523016	-0,11505680674411949	1,66047853949327	1,077317689751786	2,8311685176012866	-0,902283151473349	0,5244289262357195	-0,3934158788113353	-0,9302016698471365	1,0513017378047453	1,2218144941601097	0,8417990970259112	-0,3583779701388703	-0,9801700368104685	-0,32798283314121707	1,3332796065958623	-0,8620725136812755	0,10466925643639863	1,0913008948008764	0,19840342172635786	-0,88195817096408	-1,581305619924826	1,1714006686690628	-0,1911519659141862	-0,8350386341509887	0,46294838000839134	0,8985426891868384	1,158028766374984	-0,5837279907026843	0,8058559327863019	0,6790042147921511	-0,9338672180302301	-1,3730928836288965	0,9068512295190657	0,11058415133807742	1,0214867773493954	-0,826417464341342	-0,8022065286071995	-0,41181073292135817	-0,980552407795723	-0,5105792597300347	-0,47505225473151935	-1,3206469302147334	0,967228332837928	-0,017178774036284126	0,3947260204261918	-2,750752589876075	1,1502518178726144	1,7171717519073835	-0,06224952769525984	-0,22036781872502084	0,5298144953235572	-0,4725340755282722	-1,6457895620494438	-0,5282936138105266	0,14979085243347653	-0,34846201985616043	1,0398352734510263	-2,3890168963190725	-0,152551228159007	-1,1527935793789004	0,8338692453030657	0,5493859903713716	-0,7400610401686715	-0,24689982020426912	0,8357904692906545	-1,030604515629743	0,5226928591145837	0,059033204836917624	-0,6067358557668385	-0,31241295296131777	0,19053402771633632	0,8436699910140097	0,11873754215888634	-0,2187992131033687	-2,4427794290037337	-0,529324567251479	1,687733222627932	-0,8099771762457681	-0,4101647046597808	-0,2709938791476166	-1,0109359441961443	0,6369196095309669	-1,3574460198309168	-0,6941728485926407	0,10989905517621225	-0,47717829162590436	1,8432514627975278	0,23595565137772245	-0,9710278545286132	0,8512391184863976	-0,023473056500802825	-1,0437340104821469	1,9587114991409837	-0,6032259077750216	-1,2394241498383776	0,3400842457684424	-0,7603063148426072	1,036611581564172	0,36110185615886903	-0,7439297704057931	0,4455489242731143	0,3513373837168827	-0,8621682276858981	-0,5860708527268892	-0,4745022698059418	2,7211974419723868	-0,37311004844804985	0,9355583502752356	1,2786211973317834	-0,8328459639722853	1,8626733982842092	-1,2591850374688698	-0,5413498804958725	-0,2137526965962999	2,101018248514097	-0,5169315184722119	0,14964375842671515	-2,7726326507447467	-0,1825590955623431	0,5300595394056159	2,301135984317703	0,2590036553547726	-0,5359657480802368	-1,5008648681632006	0,3025590471458514	0,7562063817561556	0,9455145821264342	2,482944555854279	0,9511930874680414	1,1598444683516658	0,518387852980351	-0,7170013723722395	-0,4571037632572218	-2,58803026486522	-1,1442724915596054	0,9316385234793705	1,6686207911414657	-0,09246604792533501	-0,39117066251603727	0,026455058857787383	-0,349093163545319	-0,1299269801813432	-0,7800952923520965	-0,9835112376420492	0,4206670944644888	-0,7728019526576642	0,9836171437639653	0,80209454954416	0,23308064880004242	-0,8809011077524628	-0,5518983676112275	0,48662396668645197	0,44450718467958794	0,8676146981871614	-1,3412539995386705	-0,13609595567470187	-0,9337574603821814	-0,660176486921903	0,6127510039828793	0,41197595806530185	0,7751071003504774	0,14038444302652156	-0,4591174266674445	-1,056871689908287	-0,06422632430025613	-0,01976094360132811	-0,9097605423917071	1,3428268856732752	-0,5549213251060575	-0,20194982379853285	0,447901152027494	-1,5448621641503497	0,04995213796877459	0,5474656990429225	0,19972966511049628	0,1815662308628887	-0,9778780869755099	0,2915280638567909	1,0671306259934623	0,1467120677669885	-0,801118952101424	0,6954483614188205	-0,1632908867617176	2,553080520501836	0,787135595399879	-0,6278010949859427	1,2911125295557875	-0,662621676263671	-0,8196020191448445	-0,05549318960906641	-0,7467830023617167